<chart>
id=133250098866851105
symbol=EURUSD._BBB
period=10080
leftpos=0
offline=1
digits=5
scale=16
graph=1
fore=0
grid=0
volume=0
scroll=1
shift=1
ohlc=1
one_click=0
one_click_btn=1
askline=0
days=0
descriptions=1
shift_size=19
fixed_pos=0
window_left=395
window_top=215
window_right=2059
window_bottom=813
window_type=3
background_color=0
foreground_color=16777215
barup_color=65280
bardown_color=65280
bullcandle_color=0
bearcandle_color=16777215
chartline_color=65280
volumes_color=3329330
grid_color=10061943
askline_color=255
stops_color=255

<window>
height=100
fixed_height=0
<indicator>
name=main
<object>
type=2
object_name=Trendline 33934
period_flags=0
create_time=1680508046
color=16748574
style=2
weight=1
background=0
filling=0
selectable=1
hidden=0
zorder=0
time_0=1667088000
value_0=1.051438
time_1=1683417600
value_1=1.051438
ray=0
</object>
<object>
type=2
object_name=Trendline 33976
period_flags=0
create_time=1680508088
color=255
style=2
weight=1
background=0
filling=0
selectable=1
hidden=0
zorder=0
time_0=1667088000
value_0=1.103512
time_1=1683417600
value_1=1.103512
ray=0
</object>
<object>
type=2
object_name=Trendline 62332
period_flags=0
create_time=1680536444
color=6908265
style=2
weight=1
background=0
filling=0
selectable=1
hidden=0
zorder=0
time_0=1643500800
value_0=1.148270
time_1=1666483200
value_1=0.985831
ray=1
</object>
</indicator>
</window>
</chart>

